-124.2662871,39.85697688,981.5601,0.3458
-124.01096515,39.74095,169.7953,1.4929
-123.91448182,39.67711061,130.4939,1.881
-123.886,39.61476818,122.1048,2.2617
-124.07421405,39.41353105,658.9833,0.323
-123.78724603,39.15292302,83.0013,3.9333
-123.80126742,38.71424167,259.4268,1.2624
-123.7181957,38.55303306,581.4311,0.3641
-123.25318557,38.44254045,84.254,2.0194
-123.43825317,38.43661905,134.0227,1.5365
-123.23199597,38.41333011,86.566,2.2417
-123.53643735,38.27041086,423.6666,0.7682
-123.38770159,37.9343623,123.1224,1.7552
-123.01572778,37.87543571,84.8373,2.3073
-123.34501439,37.87031223,117.4121,1.9506
-122.98724246,37.86091587,81.8381,2.393
-123.26595985,37.84176061,105.5738,2.0829
-122.7696,37.60534833,60.7317,1.6948
-122.98736615,37.54393961,163.0199,1.794
-122.79724372,37.52071117,84.9943,1.0693
-122.7435825,37.46695,84.2611,2.3281
-122.60465475,37.4622935,63.6326,1.1511
-122.64650041,37.43370819,74.3915,1.6029
-123.01498006,37.41180295,598.0555,0.3397
-123.0816197,37.39066364,716.9661,0.2753
-123.10229912,37.39491109,738.8924,0.2457
-123.05622598,37.36909869,771.783,0.2656
-122.82785667,37.3596825,127.9921,1.6176
-122.65093545,37.35840698,85.8131,2.0004
-122.65404223,37.33374363,95.1206,1.9846
-122.81859537,37.33275401,137.3872,1.8437
-122.92272459,37.30951516,363.0311,0.8068
-123.1693048,37.30527196,1069.4843,0.5121
-122.65296967,37.30326567,98.7449,2.1737
-123.17447994,37.30649447,1133.4796,0.5292
-122.50321114,37.28205812,66.9962,2.4115
-122.94174451,37.2800878,416.6692,0.758
-123.14699417,37.26089083,965.272,0.3326
-122.81434808,37.26040165,194.5634,1.4399
-122.80881095,37.25306259,193.6793,2.0603
-122.55976921,37.24357743,90.9882,1.9903
-122.85242363,37.21315756,316.6588,0.9892
-122.90342144,37.2092764,400.1746,0.8457
-122.6308848,37.19726588,102.9341,2.0938
-122.68547278,37.17597833,119.3107,1.9882
-122.90045368,37.17679814,453.0128,0.6205
-122.79742167,37.17089667,335.7638,0.9907
-122.90522305,37.17509839,471.7907,0.5587
-122.60001619,37.16788763,104.4856,1.7078
-122.7603172,37.16393405,300.1542,1.0189
-122.44563518,37.16095709,64.6847,1.8058
-122.8743407,37.16071956,439.0609,0.6067
-122.61765183,37.16071504,106.58,2.0902
-122.8561829,37.15452498,434.9573,0.6159
-122.85636981,37.13828753,475.0889,0.4535
-122.6583975,37.1236225,121.516,2.1052
-122.90389708,37.11643689,595.3018,0.2948
-122.91399459,37.11217322,609.3604,0.2709
-122.69476958,37.10247917,222.3889,1.8182
-122.81935803,37.0885236,566.0248,0.2915
-122.38537165,37.07867668,71.5133,1.9494
-122.65272274,37.06967772,177.5023,1.639
-122.50744781,37.06303778,115.0387,1.996
-122.38995033,37.04413367,101.6728,1.7433
-122.59478469,37.03808596,136.9266,1.7475
-122.54709336,37.03653705,128.2289,1.6256
-122.6826275,37.03061917,445.8884,0.7814
-122.69792761,37.02693723,492.8634,0.5152
-122.45022659,37.0247546,120.0422,1.5418
-122.32731442,37.02179023,80.0121,2.0234
-122.69667123,37.01163707,568.7091,0.3686
-122.66971109,37.0018392,542.0708,0.4176
-122.33068466,36.95587191,129.7402,1.6397
-122.48840164,36.94066029,525.588,0.3702
-122.19378768,36.94164749,75.3548,3.5844
-122.60627921,36.94138421,991.8341,0.4365
-122.23703833,36.9207625,91.9004,1.8618
-122.1785263,36.88944883,99.0585,1.7056
-122.07715595,36.87799762,81.4564,2.4797
-122.13998675,36.84962774,108.9479,2.3532
-122.06617164,36.84199223,96.0837,2.1117
-121.85112353,36.81631286,142.0882,2.2712
-122.23306546,36.8066036,673.3336,0.2491
-122.20696,36.7966275,462.4404,0.7195
-121.86515995,36.78996875,244.806,1.1422
-122.2318874,36.78994451,593.0621,0.3324
-121.96355207,36.74227129,118.007,1.7429
-122.29659083,36.74066083,1086.0835,0.4567
-122.17111532,36.73872265,767.0508,0.2823
-121.86713097,36.71207405,67.0697,2.9734
-121.92830707,36.71232728,99.1246,2.5769
-121.87079917,36.71193167,71.7978,2.1105
-121.92621185,36.68348791,93.8502,2.2698
-121.96403997,36.67138362,99.3575,2.7016
-122.00542683,36.61834155,98.7628,2.0007
-122.01582501,36.57748,372.4452,0.9036
-122.03399567,36.52721552,552.0528,0.2984
-122.05331267,36.49696631,700.5876,0.2555
-122.04870873,36.48605691,658.6213,0.2668
-122.0036605,36.47193651,213.7523,1.4705
-122.22204589,36.42026866,1110.5185,0.4666
-122.32814341,36.39304853,1045.3588,0.4614
-122.22929205,36.39098139,1145.3495,0.6204
-122.25121167,36.3746175,1240.5173,0.7317
-122.22227917,36.34522708,1070.9253,0.4639
-122.01131176,36.32115659,120.7953,1.7572
-122.16536675,36.32903248,766.9456,0.2177
-122.10010647,36.31211555,392.1228,0.7032
-122.21385333,36.30306333,911.0997,0.2842
-122.02966433,36.27834647,114.4103,1.7144
-122.3403625,36.2319125,1253.6498,0.649
-121.95896503,36.22556671,333.0212,0.842
-121.83393907,36.22126295,95.7936,2.777
-121.859575,36.21185785,237.6552,1.4026
-121.9178387,36.17461091,672.7087,0.3156
-121.8047437,36.17614368,453.2008,0.673
-121.89558556,36.16582406,814.6214,0.223
-121.83079787,36.16058313,538.2574,0.4457
-122.15069501,36.15995552,1221.6743,0.6266
-122.14032192,36.15859715,1204.6075,0.5585
-121.71916802,36.14862829,346.6985,0.8327
-121.83652032,36.11150999,801.2998,0.2481
-121.94171199,36.08399248,1146.4855,0.581
-121.77353499,36.07540988,823.7082,0.2621
-121.96703583,36.04727,1231.2789,0.607
-121.99794136,36.04228249,1254.5466,0.6516
-121.85364917,36.02293,1111.7289,0.4541
-121.85636,36.016705,1094.3107,0.4128
-121.81371629,36.01378292,1078.8327,0.3997
-121.76922564,36.01204508,994.8109,0.3368
-121.88228507,35.99856907,1160.8039,0.5598
-121.64575686,35.9943798,519.8527,0.421
-121.85122293,35.96661649,1174.5644,0.5951
-121.83986747,35.9502914,1131.7907,0.5207
-121.5740541,35.93396677,427.7796,0.5487
-121.64957549,35.93818954,681.2947,0.2582
-121.89771917,35.9304625,1190.9,0.5985
-121.7076525,35.92478,871.3187,0.2484
-121.89681865,35.91216587,1183.7727,0.5136
-121.71333581,35.91489331,898.7762,0.2381
-121.52979977,35.89541761,295.6633,1.1093
-121.61540746,35.90188287,662.0996,0.2837
-121.50534683,35.89432787,108.8184,2.0665
-121.80853458,35.88338042,1028.3737,0.3752
-121.62422539,35.8750007,682.5501,0.2222
-121.78470888,35.86922746,989.1247,0.2882
-121.44547407,35.83410031,94.412,4.2506
-121.6267975,35.83248167,707.915,0.1839
-121.5307786,35.83624965,420.0948,0.6785
-121.74604427,35.83298075,942.1547,0.3308
-121.73348291,35.8293282,894.262,0.289
-121.95494782,35.82244836,1224.7187,0.6445
-121.64369749,35.80439958,724.1935,0.2179
-121.84741487,35.81230294,1115.8688,0.5224
-121.62102292,35.80248,690.9762,0.249
-121.45488766,35.78603951,99.7066,2.5547
-121.99414212,35.77786431,1066.0105,0.4393
-122.10396328,35.77207494,1191.0152,0.6687
-121.92089083,35.7768975,1145.5562,0.5524
-122.09527045,35.78682983,1195.6509,0.585
-121.88924843,35.783419,1179.7109,0.5773
-121.40250104,35.75596672,77.7644,2.1097
-121.98976307,35.74148039,1114.6612,0.5866
-121.45567016,35.73283737,313.9812,0.9174
-121.95221209,35.71386144,1115.3572,0.5461
-121.45403477,35.70783915,403.7432,0.6073
-121.86116098,35.71315589,1050.3297,0.414
-121.48452312,35.70236425,517.6737,0.4943
-121.78916833,35.6934825,995.2404,0.3571
-121.39385914,35.69133817,100.4066,1.7261
-121.91024526,35.68319277,1092.6495,0.4479
-122.01119163,35.67681851,1243.658,0.6429
-121.69474208,35.68096958,894.1963,0.2814
-121.67399917,35.66936583,860.9017,0.2358
-121.93665948,35.67939183,1123.9825,0.5417
-121.4219278,35.66688419,354.0503,0.7055
-121.8915635,35.64726772,1058.6145,0.4486
-121.41834905,35.63737441,433.7616,0.4373
-121.37134083,35.62740083,298.7196,0.723
-121.36721701,35.62064676,302.667,0.7606
-121.79098726,35.59738841,968.5497,0.3582
-121.36954603,35.604475,368.93,0.8152
-121.4027469,35.60124589,471.1435,0.5523
-121.28289312,35.56558897,223.6191,1.2544
-121.43494997,35.56319163,597.8202,0.2548
-121.40708061,35.56217536,557.7254,0.351
-121.19935784,35.55872729,101.8151,2.5883
-121.24563514,35.556699,178.1184,1.0303
-121.80503389,35.53361092,1026.0251,0.4712
-121.20770276,35.53405643,187.9021,2.0922
-121.22545229,35.53327761,254.2439,0.9754
-121.24705179,35.53327871,314.9973,0.8775
-121.91291457,35.53217725,1019.9679,0.4706
-121.48509583,35.52121333,751.4927,0.23
-121.20181458,35.52535875,224.5373,0.985
-121.6032058,35.50826667,914.9811,0.3262
-121.12813429,35.48155409,188.549,1.4674
-121.69829542,35.48179559,1057.0098,0.473
-121.86315743,35.48168008,1152.4054,0.6676
-121.65954508,35.47787336,1039.6454,0.492
-121.5044957,35.46726924,877.6849,0.2685
-121.25667167,35.45376042,412.8855,0.5639
-121.25700913,35.45324602,413.1286,0.5415
-121.20315309,35.44742011,349.5821,0.7347
-121.64242125,35.44162792,1067.1516,0.5409
-121.47115125,35.44622292,843.369,0.2801
-121.04137766,35.43700684,94.0134,2.1023
-121.52211863,35.43800147,922.9105,0.36
-121.13502053,35.42207048,283.6646,1.1936
-121.68652392,35.37961344,1219.9767,0.7327
-121.6702625,35.38617417,1229.2872,0.701
-121.51105491,35.37369416,953.8019,0.3949
-121.16030162,35.35704815,358.3416,0.5639
-120.99299583,35.35304167,106.8514,2.7258
-120.95756454,35.35028901,86.9478,2.7542
-120.99929428,35.34563252,133.3171,2.4417
-121.49365324,35.33771597,868.7695,0.3341
-121.44943065,35.32142903,865.9375,0.3318
-121.38120099,35.31804926,731.3696,0.2631
-121.17124917,35.31112333,451.0081,0.6177
-121.34893929,35.29783342,675.9928,0.236
-121.32757879,35.29384545,646.7724,0.2739
-121.33531596,35.28424657,663.1876,0.2446
-121.73769625,35.29332083,1230.7356,0.671
-121.64169782,35.29527569,921.7264,0.3644
-121.1689106,35.28261652,474.1216,0.4467
-121.11586218,35.28241187,398.7838,0.7485
-121.02644507,35.2811643,219.1584,1.786
-121.1797863,35.27970231,488.5759,0.4732
-121.16464076,35.27571928,476.2968,0.5273
-121.07935416,35.27076893,368.6167,0.9886
-120.97065415,35.26828508,111.1857,1.6864
-121.42038434,35.25694403,777.567,0.2225
-121.10901798,35.25919165,434.5615,0.8074
-121.32284098,35.25439141,666.8049,0.244
-121.6186631,35.24017987,843.9603,0.324
-121.72278,35.22762167,1256.413,0.749
-121.66222917,35.2209325,1062.3832,0.3973
-121.23884833,35.21758833,580.6495,0.217
-121.27514982,35.21571208,609.8542,0.2368
-121.3293375,35.211205,680.2761,0.2298
-121.15173042,35.21825958,523.9982,0.4716
-121.08960881,35.21263309,448.5939,0.545
-121.0841825,35.21353333,448.6221,0.5398
-121.42270758,35.20088939,607.9431,0.2714
-121.3374553,35.19848391,671.6123,0.2677
-121.15002917,35.18846083,546.9203,0.2857
-121.24258833,35.17125167,589.8953,0.2956
-120.94653375,35.16946363,185.1884,1.2588
-121.52669857,35.12671646,557.8848,0.3028
-121.35100544,35.11843838,647.1172,0.2404
-121.43414352,35.1041937,492.7978,0.348
-121.64010653,35.11244752,1183.603,0.5932
-121.40356725,35.0917877,501.8265,0.4106
-121.40194488,35.09219059,502.9739,0.336
-120.96342167,35.0999175,303.5634,0.812
-120.91372358,35.0717,210.8547,1.3277
-120.91504276,35.07256171,212.4826,0.9788
-120.89059605,35.06720137,171.2961,0.9749
-121.13569589,35.02146115,551.1805,0.2352
-121.5947512,35.01956474,1068.3776,0.5194
-120.92475336,35.00251071,259.6804,1.5639
-121.04201068,35.00626066,469.7834,0.4759
-120.87894859,35.00232288,187.3757,1.0504
-120.87944039,34.99190331,185.0776,1.3031
-120.98928752,34.98226728,402.1796,0.6116
-121.47605583,34.97761333,516.7638,0.4444
-121.58049307,34.96982871,1113.6717,0.4988
-120.95231301,34.96912846,327.3849,0.8211
-121.17165667,34.947755,569.7241,0.3372
-120.79181277,34.93871037,105.0119,1.939
-121.00758,34.93445333,425.2622,0.4649
-121.07641738,34.92329876,433.1278,0.5671
-120.92215864,34.91077707,266.958,0.865
-120.80626024,34.90214868,120.1004,2.7243
-121.28489293,34.89912527,471.4248,0.4636
-121.19674277,34.89241181,562.3672,0.3599
-120.95267179,34.87789444,312.1029,1.0985
-121.00585833,34.87584167,430.2866,0.5477
-121.15702268,34.88037177,564.8779,0.2077
-121.29663021,34.8622409,437.4181,0.3989
-120.89337169,34.85385546,223.047,1.2577
-121.00981667,34.84190583,407.0201,0.4863
-121.05330192,34.84374538,456.3326,0.644
-120.98561056,34.84355825,368.4888,0.856
-120.86084708,34.8289425,185.3045,1.3604
-120.99469611,34.81585036,372.7422,0.7446
-121.30421987,34.82160396,461.4896,0.4741
-120.92387557,34.81714942,263.4486,1.1019
-121.05435785,34.81150314,465.3384,0.5695
-120.81031047,34.80551313,120.5677,2.4727
-121.24275587,34.81127896,468.4289,0.5151
-121.06182081,34.80885585,473.8011,0.6349
-120.77337599,34.80653929,95.3028,2.1338
-120.89473813,34.79545389,224.3576,1.1071
-121.14348101,34.79874448,558.2395,0.268
-121.25523413,34.78214603,443.2027,0.59
-120.86502417,34.77729583,181.806,1.5948
-121.29039,34.76335583,552.4986,0.5418
-120.87254083,34.7662075,192.9759,0.9462
-120.7558879,34.760084,85.5565,2.8796
-121.24717285,34.75427929,504.8113,0.4145
-120.867701,34.73650057,182.0881,1.1694
-121.17891266,34.7284353,544.7445,0.2825
-121.14233121,34.7200417,567.8649,0.2966
-120.82571465,34.72291379,123.9118,2.1695
-120.72877451,34.72199755,69.3041,2.761
-120.98415941,34.71975242,419.1653,0.3407
-120.88586838,34.71323466,222.5729,1.4265
-120.854425,34.70295958,170.8929,1.977
-120.82524116,34.69990283,124.6692,1.5739
-120.88218414,34.68290242,230.4771,1.1738
-121.09564545,34.67771364,611.8836,0.2066
-120.94562778,34.67708889,373.4015,0.49
-120.91185583,34.67380167,305.0501,0.8301
-121.01769385,34.67889497,539.4834,0.2571
-121.34603125,34.66311833,662.5347,0.2557
-120.87391866,34.6453905,275.1377,1.0171
-120.77138771,34.625006,97.9316,2.1541
-121.0398059,34.61555827,642.5568,0.2403
-120.93504643,34.60685556,489.1134,0.3196
-121.41491,34.60582417,1014.4521,0.4108
-120.88730693,34.59778382,447.1227,0.6572
-120.87164324,34.59976854,378.6667,0.7158
-121.12401978,34.58994531,827.7724,0.2721
-121.0714425,34.5973325,803.5711,0.2699
-121.26961417,34.585105,981.4668,0.3169
-120.79524449,34.56977713,162.4119,2.0282
-120.81699436,34.56938759,239.4424,0.9538
-120.84645718,34.55792514,365.6043,0.6344
-121.0388595,34.55875737,837.845,0.293
-121.16650417,34.54678083,935.6672,0.3419
-121.0122675,34.532345,854.7747,0.3147
-121.07232438,34.52222456,951.4813,0.3792
-120.80482098,34.51182258,396.6485,0.5395
-120.74613878,34.49937381,271.3844,0.65
-120.65130381,34.49550575,96.1078,3.0613
-120.62682812,34.46644362,111.6816,1.8947
-120.70676004,34.45732318,371.5959,0.424
-120.67275116,34.45902044,255.0736,1.5307
-120.56195171,34.44589133,99.3541,2.0318
-120.60463583,34.43912695,160.5444,1.3595
-120.59235112,34.43299997,155.6136,1.96
-120.67020333,34.42550917,364.834,0.7397
-120.68283917,34.434005,380.1912,0.7871
-120.26102383,34.42847443,86.8849,2.7302
-120.23223016,34.42769127,95.2647,2.4077
-120.2103451,34.42709755,86.6275,2.4737
-120.01070978,34.42121559,62.4958,3.6547
-120.05011917,34.42281333,73.7668,3.4553
-120.61745158,34.42261139,223.3683,2.0771
-120.28709831,34.41566215,165.9398,2.1039
-120.40961523,34.40744829,79.4096,2.5588
-120.13967408,34.40937963,170.5748,1.303
-120.01144533,34.41146717,74.5893,3.0265
-120.71833667,34.40761583,525.8791,0.2578
-120.55709996,34.40254062,213.9104,1.0862
-120.35757393,34.39938557,131.9186,3.1197
-119.92650989,34.39626948,67.3564,3.1974
-120.01977077,34.39428327,126.9403,2.1684
-120.02680084,34.3913967,164.4596,1.3063
-120.38010706,34.3901843,145.1587,2.6793
-120.24450958,34.38559042,311.6283,0.935
-119.93338145,34.38201741,91.1184,2.4578
-120.5445425,34.36934458,322.0517,0.6612
-120.69684232,34.36616396,544.4601,0.2673
-120.58024667,34.36731458,363.5986,0.4093
-119.99543618,34.35979935,459.3003,0.1057
-120.18328386,34.36601673,432.582,0.159
-120.57569477,34.35735016,390.5332,0.5064
-120.10841454,34.3425037,514.677,0.0399
-119.86650069,34.34270376,298.1538,0.9126
-120.16164533,34.34072744,467.8891,0.1529
-120.68066196,34.33300832,563.7757,0.2824
-119.9882675,34.33360083,515.8611,0.0456
-120.4842482,34.32683578,378.8281,0.3916
-120.57318752,34.32227629,431.0683,0.4916
-120.33295292,34.31982,336.5361,0.5655
-120.25230667,34.312865,417.3137,0.2737
-119.61146058,34.29791851,89.4106,2.7133
-120.40460049,34.29449612,381.0964,0.35
-120.63870725,34.29056913,524.3464,0.4254
-120.62865333,34.29353417,517.1716,0.1995
-119.82610403,34.28923548,293.4812,0.5949
-119.88256554,34.28900975,423.8067,0.2803
-119.66449062,34.27963448,128.7087,2.2965
-120.47485105,34.28365795,443.6432,0.3319
-119.81334348,34.27694982,275.5916,0.9958
-119.55042608,34.27370086,86.9891,2.5335
-120.18019649,34.27512368,506.668,0.0562
-120.14269874,34.2742771,544.2841,0.0381
-120.5747675,34.26628583,508.2696,0.3988
-119.99277833,34.27252583,575.1046,0.033
-119.93027917,34.2695125,524.7064,0.0303
-120.54437163,34.26263557,509.6963,0.2906
-119.82518143,34.25376749,357.1745,0.3646
-119.69298333,34.25005699,203.4413,1.6044
-120.51784647,34.24693093,500.2332,0.3819
-120.82555125,34.24533417,799.0758,0.3112
-119.67080929,34.23738617,191.4125,1.7246
-120.85019943,34.23542319,818.7327,0.2989
-119.60807377,34.22632316,136.781,1.7043
-120.03922383,34.21874031,586.2957,0.0533
-119.81154901,34.21702749,372.2273,0.272
-119.76184455,34.22167352,288.7832,0.6516
-119.7653737,34.21190101,307.7644,0.6096
-119.54923068,34.20787748,123.2572,2.7375
-120.24916821,34.20692266,493.6283,0.0645
-120.2772775,34.20539824,481.2388,0.0992
-120.90628174,34.21386495,875.7489,0.3004
-120.26451162,34.20559129,481.8883,0.1003
-120.48834069,34.19479715,142.5907,1.6517
-120.48587278,34.19457956,138.7885,1.1387
-119.84200515,34.18679806,454.2904,0.09
-119.85459048,34.18454365,466.2715,0.0722
-120.49132167,34.18463167,129.4057,1.5953
-119.84735707,34.1741697,445.0553,0.248
-119.51191583,34.17093875,196.4168,1.8554
-119.52561988,34.17133418,211.9793,1.5938
-120.24944059,34.16786398,482.6899,0.3386
-119.49321679,34.1656883,196.5651,1.1445
-119.41974091,34.15139545,154.9299,1.9759
-119.52204339,34.1509214,240.0124,0.9207
-119.88721627,34.14346372,352.7692,0.5443
-119.7660211,34.13060526,262.5202,0.7872
-119.94490393,34.13352887,158.6194,1.5866
-120.62283967,34.132937,220.0042,1.132
-119.85482267,34.12651533,180.6124,1.6175
-120.09338674,34.12853123,402.8901,0.5223
-119.77090595,34.12455959,235.5574,0.9071
-119.33810501,34.11697863,193.3311,1.4137
-119.88779992,34.11873112,96.9774,2.4997
-119.78658244,34.11686048,192.167,1.2335
-120.09805,34.11028502,141.1868,1.4881
-120.15119917,34.10589458,103.1442,2.0402
-119.72272054,34.10685291,193.6393,1.2416
-119.50097459,34.10731475,225.0101,0.9843
-119.7051825,34.08417375,91.522,2.0796
-119.21802127,34.07847299,63.6568,2.6652
-120.28955818,34.08253672,84.7721,3.1321
-119.45801082,34.08343571,188.8938,0.9438
-119.3419939,34.07800312,229.8246,1.2231
-120.17507576,34.08224848,79.8909,2.9546
-119.53062267,34.07091061,85.1287,1.9322
-119.64889849,34.07202265,93.3524,2.6489
-119.75344221,34.07259737,91.2367,1.8269
-120.84508365,34.06918525,841.2397,0.2667
-119.11236333,34.067025,76.8548,3.0022
-119.3354083,34.06213318,196.7831,0.8448
-119.11670809,34.05868226,97.6517,3.0602
-119.4788579,34.06344086,85.3075,2.3883
-119.68597083,34.05418167,87.8168,2.1585
-119.50184593,34.04516309,85.7861,2.6734
-120.624885,34.03852833,1033.6532,0.4377
-120.55688499,34.02492393,412.8558,0.6532
-119.05008811,34.02723699,294.6878,0.84
-120.47990585,34.00668562,112.2532,2.0954
-119.13581855,34.00516687,622.5503,0.1927
-118.90088917,34.00685667,83.9477,3.7894
-119.34677279,34.00090001,98.4352,2.6075
-119.90827735,34.00463952,57.043,4.5815
-119.90428054,33.98680697,72.9638,2.7165
-118.75374742,33.98864697,76.5008,2.7241
-118.58243199,33.97147765,96.9116,2.6403
-119.56141324,33.9723694,87.8316,2.6837
-119.59188223,33.96786768,82.1141,2.5071
-119.09302382,33.96540363,743.9899,0.0707
-119.1687225,33.96152667,697.052,0.0988
-120.50016735,33.96747118,382.1985,0.9217
-118.63259581,33.96416331,193.302,0.9577
-119.56414762,33.9576534,196.9942,1.5836
-118.69306565,33.95505163,341.9846,0.8236
-120.30761385,33.95421437,99.6289,2.1039
-119.67901833,33.95596,66.6846,3.5026
-119.18180995,33.95404945,734.2053,0.101
-119.93096167,33.956945,80.0961,2.7139
-120.53369762,33.92670146,926.8731,0.3314
-119.78538083,33.93088667,163.211,2.4918
-119.3770658,33.93171683,689.7371,0.4513
-119.75629603,33.92456667,276.7542,1.1742
-119.30106947,33.9209714,782.296,0.0932
-120.44412295,33.92596779,426.8491,0.6435
-118.69972305,33.92029269,458.7063,0.5203
-120.39480304,33.91781521,438.529,0.5911
-120.23508489,33.9097602,99.0094,3.0484
-120.23174574,33.91499865,89.5352,1.9142
-118.81826179,33.91754431,790.597,0.091
-118.60184833,33.90694083,178.0759,2.1701
-118.78872921,33.89490329,749.8976,0.0624
-118.60395603,33.89658383,83.541,2.5755
-118.52102991,33.89316942,58.6599,3.1015
-119.02592778,33.89325714,864.8888,0.0668
-119.9357717,33.89199144,90.6589,2.4262
-119.98623965,33.88226303,64.3791,3.0961
-118.69530233,33.88004403,547.0063,0.3317
-120.23668746,33.87689594,296.4389,1.4292
-120.32796056,33.87265258,530.7637,0.4081
-118.63142958,33.8806675,168.7695,2.1362
-120.24281515,33.87026515,358.7382,0.624
-120.0141728,33.86722513,76.8627,2.7372
-118.52559944,33.8562103,72.6086,2.5808
-118.58126861,33.84820865,88.3919,2.4245
-120.25448364,33.85079089,533.0494,0.4853
-120.07423063,33.83809149,106.0293,1.868
-120.39060306,33.83991283,670.8665,0.283
-120.10168075,33.83601653,137.6164,1.5534
-120.20884775,33.83169829,457.8151,0.4859
-118.46526167,33.82771333,137.9721,1.9955
-118.528075,33.81738333,172.4162,2.0641
-119.98356289,33.81614274,113.0179,2.0314
-119.98384738,33.81313071,112.689,2.1067
-120.25116917,33.81141792,692.3,0.2993
-119.98244384,33.80298674,117.1596,1.8
-120.13853905,33.80606493,472.2069,0.4442
-118.47171292,33.79487625,78.5804,2.8913
-119.94757063,33.79562302,121.7834,1.9726
-119.89318,33.78705167,169.3835,1.4199
-119.92463726,33.76138031,167.9213,1.9243
-119.98380564,33.75950017,173.8493,1.5589
-119.92378677,33.76293522,168.5638,1.4105
-118.43888376,33.75495915,63.9107,2.5833
-118.4408325,33.7509625,76.9829,3.2825
-120.0510311,33.7553141,186.506,1.6193
-120.20198625,33.74998625,791.4503,0.3157
-118.63191873,33.73627309,741.8269,0.1164
-119.80035958,33.72798,459.6458,0.5319
-118.77772903,33.72367523,899.9503,0.03
-118.73944369,33.71321802,901.2638,0.0377
-118.53730292,33.72094125,770.6818,0.1465
-120.48694803,33.70888091,1191.4246,0.7145
-120.58317217,33.70384818,1135.4889,0.6676
-118.36811441,33.68735989,617.3087,0.2458
-119.88943935,33.65614993,163.9552,1.5037
-120.25822024,33.64740278,1037.4446,0.4146
-119.83894958,33.65039458,207.2497,0.9079
-119.98448889,33.63160366,178.4931,1.5189
-120.22375082,33.63480512,1013.4502,0.4475
-120.52971827,33.6294805,1144.2584,0.6298
-119.93098083,33.6345225,216.4226,1.5293
-119.98859801,33.63464801,261.5991,1.0006
-120.51171,33.63272875,1158.6699,0.6437
-119.97639515,33.61789293,342.0106,0.7017
-118.81240893,33.61558799,760.4182,0.0693
-119.82924034,33.58574241,397.1063,0.599
-119.83764933,33.5835098,401.3406,0.6306
-118.61597121,33.59040455,587.3006,0.2707
-118.2823752,33.57631806,349.6411,0.8547
-118.30144769,33.57831037,550.4094,0.3082
-118.81613966,33.57939354,591.1327,0.2257
-118.66166167,33.564675,565.9181,0.2479
-118.23102417,33.56157875,226.3789,1.7619
-118.82168228,33.56244992,531.9306,0.3568
-118.78501283,33.56298714,506.3515,0.3639
-120.04596048,33.57400323,821.1766,0.2998
-118.51608306,33.55727957,888.3486,0.0447
-119.90995961,33.55406971,491.9031,0.4174
-118.7089061,33.54378598,420.9642,0.6455
-118.82901515,33.53517273,408.187,0.5749
-118.04770635,33.53165754,386.3398,0.5407
-118.08941935,33.5308642,394.5023,0.659
-118.70239861,33.51411318,323.7058,0.7398
-118.19428325,33.51605871,566.3666,0.2766
-118.10189756,33.49962907,404.2231,0.6085
-118.07184603,33.49800645,523.9501,0.396
-117.90567549,33.48856275,526.7519,0.3796
-118.50355286,33.48651627,245.3622,0.9279
-118.61811676,33.48494701,200.8193,2.3815
-118.61998407,33.48434396,186.2534,1.6311
-117.96416516,33.48380314,488.7365,0.5172
-118.03847725,33.47144555,500.6935,0.3287
-120.60079765,33.44945932,1155.5607,0.6736
-119.95244497,33.45419101,864.1248,0.9642
-120.417745,33.44287833,1089.2813,0.5752
-118.41290806,33.44299366,251.6015,1.081
-118.16117588,33.44546021,641.4244,0.1486
-118.59490176,33.4396794,120.8827,2.4515
-117.80599083,33.42642833,655.6917,0.2093
-117.68326684,33.40861066,65.4055,4.0116
-117.75222446,33.40909946,610.5121,0.1796
-120.22116973,33.4108203,1129.8657,0.4927
-118.50060635,33.39295556,108.2798,2.6303
-118.05897292,33.40732625,665.7452,0.2148
-118.12239628,33.38843588,667.5509,0.1667
-118.31578508,33.38290526,198.6883,1.8009
-118.50584682,33.37023288,82.5341,4.0591
-117.64220863,33.36291925,77.021,2.6823
-117.64216001,33.36328348,75.8344,3.4707
-118.27872608,33.35659435,347.7052,0.6793
-120.03011013,33.36847941,971.274,0.3843
-120.59352292,33.35952958,1106.4168,0.6396
-117.95192977,33.34757417,576.435,0.2817
-120.16243301,33.3348219,1109.7274,0.4735
-120.44719875,33.3206175,1067.7283,0.6168
-118.51334501,33.31789542,204.515,1.4179
-118.46453265,33.3082732,105.0149,4.0757
-117.70275776,33.308931,685.0051,0.2224
-117.63237481,33.30626852,403.6133,0.5077
-118.22493333,33.31054333,325.8232,0.6501
-118.36365736,33.29474761,80.7701,3.6752
-117.85840719,33.29075209,616.9176,0.223
-118.24064333,33.28946333,196.8733,1.7849
-118.25841024,33.29036761,174.6648,1.7968
-118.28204292,33.2941454,100.1419,2.417
-118.21540873,33.27803016,275.255,0.9471
-117.61172292,33.26608625,454.2859,0.4991
-118.00131475,33.27679223,810.7679,0.1876
-117.58442827,33.26650603,226.2621,1.2724
-118.04292961,33.27191085,833.959,0.1694
-117.55860783,33.26854709,78.5663,3.3845
-120.18750013,33.25507983,1078.1236,0.5006
-118.22508109,33.25379742,246.7666,1.092
-117.5581015,33.23764365,390.1247,0.7046
-117.5323268,33.23981575,219.4941,1.2198
-117.55834169,33.23720633,426.4752,0.5158
-117.55112917,33.2305775,451.848,0.5225
-117.91567342,33.2241527,831.3364,0.2257
-118.23184333,33.21649917,1096.2365,0.2537
-117.50096271,33.21084227,178.1548,1.2513
-117.96238821,33.2006065,861.2023,0.2519
-117.85371825,33.19114759,826.1225,0.2969
-117.948735,33.17008667,872.0678,0.3389
-120.25821083,33.1685725,672.2786,0.2228
-117.50105158,33.15473335,442.7375,0.5944
-117.51246583,33.14817417,492.4038,0.3941
-118.74313333,33.14990917,677.2365,0.2778
-120.38284751,33.13210186,253.3467,0.9383
-119.942355,33.13759333,1070.355,0.4872
-118.6435575,33.12631625,902.0161,0.2311
-118.07157083,33.1143325,1000.4905,0.3982
-118.68759588,33.10346871,472.2667,0.34
-117.37131361,33.10904766,221.8004,1.1662
-118.77148725,33.09105882,762.2024,0.229
-118.66308939,33.08272586,417.8416,0.5323
-120.05695333,33.07644083,1145.0241,0.4039
-120.09876568,33.06510207,1156.8852,0.4173
-117.33854121,33.07692224,60.8116,4.3931
-118.03407255,33.06671821,996.183,0.375
-120.19881352,33.06295619,633.7961,0.2279
-118.68875827,33.05546977,418.7879,0.3662
-117.91741623,33.05785439,941.7993,0.2855
-117.43054307,33.04490523,480.5651,0.4852
-117.43006667,33.04122333,478.9611,0.4173
-120.18756233,33.04050518,646.985,0.2227
-117.38174877,33.03878315,380.6904,0.7561
-120.13833441,33.01953008,499.8153,0.29
-117.69769924,33.01291594,864.1414,0.3482
-118.18894083,33.02284417,840.9178,0.2529
-120.15101721,32.99798281,676.2799,0.199
-117.73630917,32.96855833,809.1916,0.2363
-117.35423069,32.94891248,456.3274,0.5249
-117.33584113,32.94283387,334.1834,0.8414
-118.66991667,32.9463175,977.9327,0.4405
-118.28898417,32.9346225,1247.2611,0.2718
-118.31951143,32.92985364,1261.2144,0.2466
-117.32087876,32.92171398,189.9085,1.4796
-117.44247376,32.91601681,698.316,0.1962
-120.21876613,32.9128731,660.0642,0.2172
-117.29686119,32.92040653,82.6812,2.4373
-117.28692072,32.91293018,83.3159,2.9205
-117.84499667,32.9204925,1041.5715,0.2851
-118.6699925,32.90683583,1004.2868,0.3478
-117.37250122,32.90036455,487.607,0.4939
-118.61823575,32.89897602,473.6644,0.3698
-118.19991083,32.87559292,860.4196,0.3294
-118.11665704,32.86507691,834.6274,0.2348
-117.36841315,32.84942763,281.3226,0.9873
-118.5346185,32.84492907,112.5649,3.0134
-118.57532284,32.84131624,536.6593,0.2413
-118.57587335,32.84248762,528.9132,0.2538
-119.99048417,32.83440167,1134.4928,0.3932
-120.18136458,32.80991208,553.8446,0.2512
-120.14786455,32.81450974,527.6962,0.2905
-117.36176558,32.80517794,101.2014,2.3402
-119.87418083,32.79739667,1185.9386,0.3747
-117.373985,32.78171917,96.9957,2.086
-117.44190824,32.78238478,555.1443,0.3619
-119.84316275,32.79117622,1159.5986,0.3605
-120.10823123,32.77656065,461.7388,0.2976
-118.0923952,32.76967966,742.3265,0.2193
-118.52646269,32.77127547,405.8305,0.5263
-117.89406599,32.76369365,504.7693,0.37
-118.50854,32.76492017,413.8546,0.3837
-118.50607522,32.75312904,429.027,0.4661
-117.8056825,32.75772667,292.9121,0.9531
-118.65104242,32.75451819,1220.5721,0.4486
-120.05805155,32.75769952,498.1854,0.2696
-120.02215707,32.75880812,781.1965,0.3055
-118.57748261,32.75088395,780.8416,0.2475
-118.0642696,32.75053223,737.5136,0.2173
-117.31295242,32.73880833,72.8394,3.3506
-117.42509161,32.73980326,478.9208,0.4534
-120.08631228,32.7393845,528.1136,0.2642
-117.44244428,32.72650402,530.2088,0.3832
-117.37656522,32.72266376,342.9384,0.5846
-118.35533585,32.72129182,555.2531,0.2653
-117.35450541,32.71687639,230.1868,1.304
-117.32977079,32.71017935,92.4517,2.0483
-118.67169977,32.71182556,1029.3229,0.4267
-118.04641107,32.71532575,587.1857,0.2362
-117.28997846,32.70311687,63.5514,3.1245
-120.03336417,32.69965167,579.6884,0.2765
-118.39721208,32.69400458,417.065,0.5312
-118.41148571,32.68957449,433.1348,0.4328
-117.41418583,32.68460667,405.1851,0.602
-118.41826619,32.68939496,459.5981,0.4341
-117.77833037,32.68412335,440.7399,0.3718
-117.80743133,32.68671067,494.3427,0.424
-117.78281071,32.6786284,450.7475,0.3599
-117.38012336,32.67599264,271.0143,0.7734
-117.74347555,32.67091037,347.2241,0.7134
-120.01534167,32.66043583,714.2329,0.2366
-117.42998495,32.65871183,169.924,1.8721
-119.84205583,32.64883167,1144.9934,0.5307
-117.30964365,32.64842183,88.2714,2.579
-119.87398583,32.62538833,1075.0248,0.6488
-117.41784833,32.62194583,146.6169,2.5044
-118.60788495,32.59890939,1118.8426,0.6123
-118.70027042,32.60213685,945.6208,0.2822
-117.32794895,32.5841885,142.4603,2.177
-117.36346473,32.58110168,136.7894,2.9081
-117.30067167,32.57498917,96.6991,3.0379
-118.54522833,32.4692275,1072.9041,0.4427
-118.49886917,32.433255,961.7425,0.295
-118.82989597,32.31928092,1125.0568,0.6217
-118.88336579,32.33175261,460.7805,0.2708
-118.93921913,32.32907364,666.5057,0.2252
-118.91996729,32.31807344,467.4545,0.2724
-118.85419462,32.31528556,754.2034,0.1937
-118.54177067,32.07397368,512.1783,0.2729
-118.47885816,32.06323393,626.432,0.2277
-118.88029477,32.01028366,1160.1783,0.7202
-118.36662044,32.02249298,973.7439,0.4818
