-124.41613333,41.67098333,294.118144765,1.15146765489
-124.89251003,48.15342193,122.478047578,2.57995659083
-125.84625878,48.04481824,1203.96419109,0.402896811194
-124.8878753,48.03507901,115.376653658,2.64618039312
-124.92707,47.93618444,168.311244357,2.07321091447
-125.06675558,47.83280952,403.004104341,1.32108397238
-124.74846867,47.760662,110.304262345,2.45802306681
-125.10609192,47.65106709,608.765611455,0.842135813129
-124.68455379,47.39700909,279.625012382,1.70752689918
-125.05480378,47.22848578,993.758213059,0.453497126592
-124.52707759,47.06903143,93.6558575684,2.57453465967
-124.8428476,47.06788595,429.582740898,1.23554499992
-124.7747313,46.86059436,309.838024038,1.5365395259
-124.93867767,46.8350541,603.693808706,0.826803102727
-124.50391382,46.69528334,218.086102174,1.76116651782
-124.32376942,46.59827551,140.063226697,1.84020428159
-124.29887336,46.5613903,130.853513793,1.87401061515
-124.41410269,46.4678404,254.32221197,1.69854762251
-124.51871662,46.39861012,404.172639837,1.2660343484
-124.34656576,46.29175268,164.033433912,1.96370701173
-124.5855846,46.28588716,471.997926555,1.08202289325
-124.40387043,46.25600513,206.152213028,1.84713942906
-124.9248103,46.21827998,978.232352126,0.475784119844
-124.62098308,46.20432229,473.360173811,1.06153215011
-124.47352035,46.19591606,256.518993692,1.65805305338
-124.40931563,46.19242212,192.627941349,1.89207067701
-124.17070468,46.10332118,73.0709421349,1.96215141316
-124.79952307,46.06176088,699.750604687,0.67718891188
-124.51681201,46.06003616,243.663096782,1.61371372872
-124.37925945,46.02906925,144.410007638,2.11147915782
-124.44981846,46.0250871,186.762622449,1.87180628328
-124.67630838,46.00742373,439.223631693,1.04831512892
-124.42695027,45.99969854,172.329347679,1.93187561501
-124.1417075,45.93262511,80.263346944,1.62994108756
-124.10356241,45.91790624,68.9561809434,1.46117653549
-124.30586667,45.87385873,133.711953638,1.98592372621
-124.31127485,45.8394856,138.399844475,1.94349057157
-124.28237981,45.82062,130.246189064,1.9103836698
-124.59562953,45.80249067,377.978166754,1.15733736224
-124.28435773,45.8032255,132.236979945,1.894379998
-124.76681814,45.76704284,753.894769069,0.61006239941
-124.74900411,45.76703954,707.656910335,0.649115515292
-124.40875034,45.76475011,193.221295025,1.65182484773
-124.09106412,45.75075341,64.7974203204,1.16974685454
-124.76177216,45.73744594,751.843651855,0.60182438326
-124.68593213,45.73383508,567.4991142,0.787349094204
-124.69694073,45.70639875,604.176511372,0.746387660324
-124.51995229,45.70493086,302.210749148,1.33122459569
-124.4938916,45.6996487,276.226404238,1.40720370689
-124.37823884,45.69027153,190.524876566,1.62143431433
-124.04233971,45.65382353,56.9209057146,0.943144947868
-124.36044981,45.65403871,190.159424143,1.58881483142
-124.48584102,45.64724677,281.101468184,1.38377651298
-124.08285453,45.63773778,72.1505466871,1.28022282406
-124.27647233,45.63231228,152.57823413,1.56859290498
-124.067404,45.63257813,67.1040188124,1.15301622568
-124.55774902,45.62632622,368.977903815,1.13921218231
-124.20170333,45.62303962,122.218823763,1.56482767759
-124.67741382,45.60369065,573.969011048,0.762575629849
-124.61049948,45.60334526,451.17284779,0.96052254329
-124.46551563,45.60293387,278.686866655,1.37224148181
-124.32544036,45.59847264,186.558275531,1.53853302847
-124.84926327,45.60104451,1047.44023327,0.474047813769
-124.61181521,45.57743254,456.262189076,0.943294375773
-124.85020343,45.57220843,1044.10586311,0.468065177852
-124.3498624,45.55788925,212.98539697,1.49360931565
-124.42453113,45.53803931,271.652793667,1.35727577595
-124.53699292,45.53953875,371.491000922,1.11144175633
-124.24197758,45.52866461,156.722152788,1.4807783603
-124.66809029,45.51410801,555.937893027,0.790828823433
-124.53016187,45.50733662,377.150905265,1.08459691281
-124.20346832,45.49090941,141.762778386,1.42225553056
-124.07585235,45.48835028,77.0146753554,1.1158918903
-124.40556543,45.45533748,282.73812555,1.30267860304
-124.05240063,45.43774815,69.8020224371,0.957064599722
-124.23203593,45.43326925,166.104428767,1.49824409234
-124.14191272,45.42859279,115.965301898,1.30037482323
-124.17699341,45.40637575,138.276024847,1.41203148477
-124.57668542,45.4066225,448.239396434,0.935243278471
-124.54516074,45.39933601,420.171143187,0.980501878256
-124.298562,45.38772259,217.306390744,1.46162201697
-124.46927398,45.37009687,361.872867968,1.09142735838
-124.65424375,45.36207708,526.988497358,0.827923481019
-124.93491891,45.34721886,1164.78260567,0.460888471801
-124.68947767,45.327148,567.112219801,0.781873894591
-124.17866783,45.32852809,146.584771364,1.45973435168
-124.63499728,45.31115804,508.0182277,0.851457125678
-124.14249704,45.30611435,124.592886084,1.39770299444
-124.27001156,45.3027886,209.965754699,1.47397499939
-124.8723405,45.30855263,943.275267292,0.511139656753
-124.39358897,45.29899336,309.095555775,1.22777456908
-124.19419904,45.28495291,157.731342259,1.4953977934
-124.26679407,45.27670752,208.824575934,1.48828615761
-124.4620649,45.27297298,371.432349438,1.07699672557
-124.64424943,45.27373234,513.500918359,0.84507510358
-124.28474638,45.26816433,221.993687537,1.48032301014
-124.12211746,45.25972698,112.546310449,1.34666623216
-124.78816291,45.26429795,702.778603302,0.650746478079
-124.15111417,45.25870625,130.458140002,1.4322102355
-124.32548452,45.24249524,254.358682245,1.40013982572
-124.72015313,45.24637707,583.709497979,0.766235702228
-124.64490265,45.23756629,507.812590368,0.849972859297
-124.1890183,45.23199275,153.626471646,1.52124935007
-124.53294013,45.23713641,427.770675671,0.964112929519
-124.46765372,45.23380479,375.835301626,1.06710138362
-124.05107101,45.24002843,72.6967289441,1.0268268633
-124.6157575,45.23596833,487.006217322,0.873909747346
-124.44023293,45.22742823,351.511221474,1.12562877717
-124.67379583,45.19916667,519.39681745,0.836764743196
-124.62337956,45.19638881,481.575637831,0.88023318735
-124.55131362,45.19556213,434.901089713,0.947022078807
-124.51465963,45.1931525,406.873810814,1.00113574875
-124.39402728,45.1915393,306.037116779,1.2582585135
-124.76093309,45.18076949,608.700970594,0.74236952371
-124.6119936,45.18052469,469.571709071,0.894454322015
-124.07275304,45.1622398,76.2085553943,1.13195774711
-124.39323177,45.1679974,300.730965167,1.27677424114
-124.40964727,45.16465601,313.647991852,1.23757664499
-124.51531677,45.16029081,397.282953089,1.02708088917
-124.29016164,45.15999967,217.350080171,1.53928950874
-124.29071381,45.13951382,213.480108853,1.57050367567
-124.38888335,45.13657191,288.490484017,1.32040163108
-124.68582369,45.13168033,498.795160648,0.863589968779
-124.46041145,45.13286093,343.88846263,1.16360958236
-124.32388458,45.12988794,235.748234594,1.49752478153
-124.48286162,45.12692383,359.897926377,1.12113149341
-124.53411563,45.11076898,389.916919546,1.04755126511
-124.47860245,45.10981062,349.452809383,1.15467731763
-124.45449833,45.11161833,331.296967833,1.20469071863
-124.09648629,45.10307493,80.6991756224,1.28161086844
-124.40367118,45.10432405,288.823367224,1.32813157493
-124.60720083,45.09751917,431.960892361,0.965299144934
-124.63858638,45.09895264,452.078381047,0.935659649333
-124.26925726,45.09207426,186.839040782,1.669191672
-124.67509587,45.09226689,474.806315677,0.905655556734
-124.4022658,45.07416805,277.379912396,1.37185680521
-124.44419253,45.06888908,306.74699304,1.28395174185
-124.342126,45.06890244,231.621214406,1.52032176329
-124.76658054,45.0673967,558.015106608,0.799246676696
-124.69186,45.03861833,467.807411574,0.92813371785
-124.61692735,45.04472167,414.021964107,1.02215786848
-124.55136258,45.04266683,371.454721732,1.11492757597
-124.428291,45.03788141,283.230765477,1.35911631889
-124.32808393,45.03395415,210.968259954,1.6061950836
-124.52295897,45.03222179,348.110579922,1.17430515033
-124.33336466,45.02372396,211.407876907,1.60863516371
-124.15785115,45.01053476,101.194855032,1.64094146956
-124.72999639,45.0097861,496.562477514,0.886876962336
-124.5752,44.99537386,365.789876824,1.14291387318
-124.646335,44.99920667,420.05097373,1.02017138191
-124.33661051,44.99989256,205.796992177,1.63684684363
-124.54985476,45.00722302,354.511813279,1.16691927291
-124.71667493,45.00312031,480.980234498,0.912239703988
-124.38009761,44.99311981,232.743651099,1.53742051393
-124.27721536,44.99011412,165.242288235,1.78867482788
-124.61261901,44.96622936,379.637160779,1.1097454027
-124.51018947,44.96291745,307.020851968,1.30149559663
-124.61293697,44.96059356,377.186866335,1.1145362094
-124.19975048,44.96056167,113.784668467,1.79099525285
-124.13825058,44.90670669,73.1805010237,1.56686790365
-124.7504994,44.9053223,474.389182314,0.925730456037
-124.32269804,44.89776022,162.190152755,1.83113899601
-124.27202959,44.87571881,129.345808799,1.9121959512
-124.72627029,44.87532786,428.127484682,1.01104114784
-124.8781926,44.8717091,659.61053835,0.687928783752
-124.62486333,44.86541833,327.190927971,1.2446996353
-124.17390669,44.86609465,81.7968413197,1.64994305748
-124.1367447,44.84186515,1e+15,2.3175306e+19
-124.49218,44.83183067,220.73472538,1.61348282934
-124.787466,44.83836699,481.073738691,0.929216775789
-124.66529931,44.83937087,343.024158267,1.19122858533
-124.62375807,44.83567439,308.724926138,1.29289909786
-124.54619609,44.82920617,249.065437375,1.50230199621
-124.72705015,44.82796421,395.407312462,1.08349372714
-124.17276213,44.83107556,73.7029317705,1.56396311895
-125.01920576,44.80796257,1027.70313001,0.496021223927
-124.57577287,44.81170362,259.542307143,1.45084561358
-124.87010106,44.81287591,617.816802775,0.74586921604
-124.79274715,44.80696255,472.222412223,0.947547129769
-124.65953588,44.80362024,319.898621322,1.25185890088
-124.8428025,44.79974875,553.225034991,0.825273732052
-124.86745,44.79712167,606.338142258,0.765982174286
-124.5470814,44.80167143,236.374889729,1.55045162358
-124.55849804,44.79952549,242.8077084,1.51932406257
-124.54156768,44.78475657,225.16464495,1.59270794707
-124.87243968,44.7681837,603.323546922,0.77435663846
-124.880325,44.77257,623.079551801,0.751873460065
-124.80619917,44.74253333,474.51635719,0.953491168049
-124.76407298,44.74232693,409.265755719,1.05939279481
-124.50953091,44.72693047,183.395382642,1.76475354329
-124.51894847,44.71200693,183.547442308,1.73902875417
-124.30350203,44.70751464,94.2740640815,1.83569142497
-124.80499962,44.70712794,470.278925393,0.969105820394
-124.1952278,44.7001066,61.7639249301,1.30691613505
-124.2433527,44.70106259,76.5047254943,1.56689821411
-124.83175075,44.68445353,513.635185646,0.908779822998
-124.72367375,44.67152667,348.900622206,1.16935223355
-124.5851652,44.66922324,215.541256068,1.52518092133
-124.7632775,44.6753506,405.609578234,1.07448825514
-124.71328397,44.66526856,336.457796213,1.19556908276
-124.4592028,44.64735776,134.371752405,1.9381066825
-124.69019376,44.64671401,308.347226255,1.25482630066
-124.70565805,44.64866205,324.950043768,1.21753217194
-125.04896231,44.63639786,1085.75732419,0.498676370715
-124.20681333,44.6355675,57.1728994818,0.997466377446
-124.63291417,44.6364025,249.204636431,1.39415341383
-124.20630333,44.62545417,55.9164302202,0.927358052823
-124.96241292,44.61953924,814.182474106,0.605155670579
-125.04574958,44.59266125,1075.05755482,0.498885539761
-124.46647585,44.59855424,127.291147657,1.86924586654
-124.53104487,44.60049873,163.519118721,1.68130542474
-124.25176415,44.59235626,64.3574278479,1.08029171356
-125.02200103,44.5738696,996.816316426,0.519632952615
-124.9446162,44.57859478,767.52486767,0.633955524268
-125.00694,44.57089833,949.255577413,0.536501259076
-125.02468666,44.57658501,1005.5877398,0.517278244529
-124.52922875,44.5632075,154.041942282,1.66364250254
-124.31083951,44.55844091,74.4174057277,1.41842500086
-124.72192333,44.54546567,330.125937491,1.231391505
-124.28238027,44.5291151,66.375015264,1.06759081042
-124.96645803,44.50781357,830.155339876,0.596162607426
-124.64286392,44.50637583,232.943977813,1.43268587174
-125.04636,44.49686083,1090.89203256,0.502345183812
-124.81573303,44.50055454,473.709020153,1.00288117819
-124.77981661,44.48190795,404.579773143,1.1253994733
-124.32749928,44.47415837,71.44913289,1.24959677364
-125.05574139,44.47861226,1123.92234886,0.492544178916
-124.83108483,44.46664257,498.931777682,0.966736115657
-124.22130191,44.44100367,50.338547647,0.217705649882
-124.2584275,44.435715,57.8476920383,0.48840322095
-124.7696525,44.43860167,381.123074032,1.17726167793
-124.44399008,44.43283413,94.9732588257,1.80476084898
-124.30415341,44.43109811,66.38988229,0.877179532759
-124.24934128,44.40905691,55.908381965,0.333600271134
-124.81776511,44.41356296,458.995420223,1.03723366927
-124.60414305,44.40270103,174.80168661,1.58630157593
-124.27970935,44.39611263,62.1993938285,0.574317367296
-124.3620143,44.3951786,76.7787970246,1.28062881572
-124.28738356,44.38823144,63.9424688523,0.626347786313
-124.98135569,44.38453618,885.594314975,0.566690138714
-124.21014228,44.36690036,48.5339637938,0.0671915797597
-124.76169133,44.362958,349.538557766,1.26638835011
-124.63020919,44.34817332,186.621430908,1.58662973426
-124.62291163,44.35163008,181.273282931,1.59486440184
-124.31405768,44.34199913,70.695509629,0.799835408169
-124.298748,44.33659478,68.0334045677,0.709622382834
-124.75529457,44.34700359,334.817616205,1.3037234147
-125.11675041,44.34836545,1455.1307861,0.494814328468
-124.53377667,44.33347375,121.234420012,1.72094515001
-124.83277658,44.32452626,473.613810217,1.04097441192
-124.41656417,44.31223583,89.4862416612,1.50695578979
-124.53151546,44.32385818,119.47246627,1.7236626116
-125.00464206,44.3232305,981.062654979,0.538754622748
-124.9853125,44.30793333,910.140975195,0.565888867357
-124.90758172,44.29460887,654.503916942,0.768811114431
-124.47474443,44.29246917,101.743971383,1.690793991
-124.83722077,44.28271967,472.128148046,1.06166440359
-125.11842111,44.27878754,1489.00487154,0.492435532973
-124.59093317,44.26682892,145.125849697,1.69866488146
-124.39138417,44.251705,88.6046270801,1.32030265232
-124.52432399,44.2627503,114.206329317,1.75627622413
-124.2940619,44.2322,70.6410743176,0.822576274096
-125.01802136,44.22316113,1025.38435631,0.528340581326
-124.3183434,44.21276688,76.5117935189,0.927789852602
-124.33009741,44.20904706,79.1649314265,0.976893242146
-124.47169167,44.2018025,103.956440521,1.64790530872
-124.89489583,44.20713,599.938768856,0.857176698418
-124.46929805,44.19982675,103.749085787,1.63672301547
-124.2919417,44.19011491,70.910692063,0.766449486085
-124.3245325,44.17998542,79.1051971053,0.933836146942
-124.24934471,44.18045921,59.8778971747,0.458848219241
-124.63756667,44.175845,167.901823648,1.70712514663
-124.74497586,44.17684332,279.062873527,1.48325342581
-124.40033553,44.17268089,94.9033338896,1.29519866687
-124.75051307,44.1518749,288.318233862,1.45538086185
-124.22109785,44.14703717,51.9689745249,0.365628512824
-124.28929433,44.14126671,72.0574813596,0.753515751543
-124.63108141,44.13391538,165.788055142,1.72381310024
-124.29316499,44.11638163,74.0812002948,0.839206855015
-124.54276084,44.11525846,129.433110429,1.73798281358
-124.63741587,44.10786825,174.550872574,1.71811903907
-124.80035528,44.1084122,366.388716406,1.25796181426
-124.25599083,44.11458167,63.2482473435,0.664528419703
-124.70113041,44.1017163,227.010415539,1.60160066475
-124.92828045,44.09144775,673.262317588,0.756992227471
-124.60232946,44.08243647,158.339486982,1.74818598692
-124.70113609,44.0774304,233.451814651,1.57903067271
-124.2700442,44.07641424,69.3975510902,0.782572994911
-124.66720293,44.08073955,198.760203274,1.67801412301
-124.70674675,44.06715823,241.231884192,1.55448599662
-124.40261038,44.05659498,108.230166449,1.32685623397
-124.52033457,44.0546875,136.897718335,1.6552339675
-124.63784715,44.05008817,186.996877318,1.69618123243
-124.43788667,44.0372456,120.404509412,1.44130363355
-124.49379004,44.04174948,133.91431364,1.58636125937
-124.31817185,44.03195857,86.3814280263,1.06438443244
-124.92966667,44.0253875,675.046130623,0.739486452028
-124.97347542,44.01164685,817.959144415,0.626555592419
-124.65224343,44.00419318,223.145735891,1.56948626453
-124.22922065,44.00751731,57.6555644291,0.598237694098
-124.64597341,43.98110754,233.307346323,1.52222138412
-124.6832183,43.98280212,258.117569277,1.46928591753
-124.74085375,43.97344208,331.282801972,1.28669242225
-124.46435191,43.95230393,151.876041525,1.51863078982
-124.32054119,43.94792468,93.1437383558,1.08942712012
-124.60516417,43.94821333,229.635837609,1.48470998969
-124.76057417,43.937135,388.563598564,1.14831768437
-124.92249375,43.93712333,708.505778296,0.690402247547
-124.84089583,43.9269425,530.30531066,0.899329916314
-124.84480228,43.92366893,542.496445773,0.884114497188
-124.35846738,43.91591076,113.733726733,1.24681386737
-124.8180375,43.91089167,505.471591676,0.933515525255
-124.36622526,43.885258,121.995918507,1.29419475236
-124.90670147,43.88666585,718.55005,0.665453469348
-124.78018106,43.8791197,482.317677519,0.965521278806
-124.7624225,43.88125917,454.682719063,1.01155521052
-124.57763333,43.87785042,259.693799542,1.33960904199
-124.61291451,43.84386947,314.135645289,1.2256409581
-124.87095,43.84827917,684.749201284,0.692372200642
-124.39578497,43.84088219,143.996453165,1.37308418133
-124.65210437,43.80333929,383.460619475,1.1034441254
-124.8140162,43.80377184,624.096050784,0.763715688419
-124.23929397,43.80081239,57.6664413498,0.627406310648
-124.37665666,43.78823887,135.541723602,1.3070027746
-124.62652622,43.78331768,365.339258858,1.1256546594
-124.62226875,43.77822413,361.688644203,1.13063263783
-124.3427287,43.77015463,113.593839723,1.22882384576
-124.66482902,43.75580718,427.994389034,1.0280958468
-124.55294382,43.75207661,291.58181606,1.2324887634
-124.76614721,43.74847521,586.255064767,0.809573381558
-124.88379505,43.73943063,813.803624809,0.591705549729
-124.7344478,43.74082827,540.349131716,0.869984007375
-124.29137881,43.73999262,82.0827187153,1.02781070961
-124.31829802,43.73378175,97.9317837649,1.11794641458
-124.75434039,43.72352718,579.207196442,0.817021572533
-124.71442004,43.71944306,514.798719837,0.902346747059
-124.32207267,43.71239384,99.1184715585,1.11758735456
-124.72876429,43.70696693,541.614380843,0.865334517027
-124.37042875,43.68815258,128.091719066,1.25326982964
-124.78552083,43.67765417,646.853036175,0.737545497362
-124.86010531,43.68264833,785.015866898,0.611806585546
-124.51403625,43.68351875,250.7825349,1.31412413822
-124.92222299,43.67128017,904.425769829,0.553167599059
-124.85998247,43.65588081,785.958422182,0.614282489082
-124.33945761,43.65439538,104.085124728,1.12263912313
-124.56839266,43.65206604,311.191481814,1.22174635316
-124.57959821,43.65482509,325.452913065,1.19586553231
-124.5423024,43.65098263,279.354424443,1.27841631711
-124.65739423,43.64470513,433.663266199,1.01440488599
-124.6215389,43.64896012,379.770427279,1.09730439015
-124.95533419,43.64895947,967.058156249,0.53917366538
-124.70173458,43.64695583,502.9551255,0.912760780123
-124.40880217,43.64466786,151.082363834,1.29323665889
-124.36081833,43.6373525,116.594433703,1.16217311525
-124.68625101,43.62362273,476.268749022,0.947192408486
-124.71576,43.60985417,524.676563984,0.876528921903
-124.3739108,43.62121329,123.098521013,1.18645934939
-124.57824428,43.60948233,316.200391179,1.21609644963
-124.6566,43.58313833,421.646801998,1.03793624712
-124.45261,43.58035917,177.845441112,1.33964382321
-124.51985071,43.55396306,237.64598809,1.33044340466
-124.94578285,43.55916625,936.642714005,0.547850645675
-124.90239973,43.55950833,856.127585343,0.578355930323
-124.80648396,43.55075136,675.067289929,0.693516483708
-124.93091875,43.54680625,907.200126355,0.556905964858
-124.40804359,43.51550709,127.912248419,1.23368317451
-125.06844754,43.52000164,1253.96652674,0.515401238648
-124.88780451,43.5266335,823.071669598,0.594335757571
-124.7397977,43.51668848,540.863404689,0.84337697045
-124.60920865,43.49035891,325.376957584,1.2293282186
-124.75513344,43.48943677,555.775571111,0.82633363489
-124.74074423,43.48484498,527.800548595,0.867548189095
-124.748365,43.48017083,538.764523596,0.850411054744
-124.85652779,43.47874412,742.858199158,0.639013865769
-125.0881475,43.48864792,1323.46663672,0.513476455935
-124.93001357,43.4841469,896.085501728,0.56725772747
-124.68359533,43.47740026,426.801751375,1.03365027417
-124.78438225,43.45523339,589.356943715,0.782432019526
-125.01674333,43.458665,1109.09220969,0.522617687411
-124.75728325,43.45127758,537.039369519,0.841643583137
-124.828515,43.44558833,666.434461933,0.705288663209
-124.77130963,43.45044739,562.207147448,0.812685739615
-124.3532723,43.43712973,72.3700372672,0.795675104475
-124.41439836,43.42217615,107.340829537,1.23916193653
-125.05199254,43.40704457,1232.76331199,0.514920687326
-124.7181235,43.41282423,448.828649166,0.993414415097
-124.7862825,43.40523167,562.807874335,0.822039596903
-124.8595738,43.38773862,696.929885223,0.683010391924
-124.52958833,43.38302083,192.242540076,1.44007490286
-124.6470599,43.3760957,326.689482234,1.24336895854
-125.04132243,43.36566101,1208.90843052,0.516429126952
-124.50996719,43.34890981,160.249272195,1.46128433456
-124.45896118,43.33921411,1e+15,2.3175306e+19
-124.62046512,43.32432677,271.036929529,1.36855578584
-124.7615382,43.32050269,480.660516637,0.938040489788
-124.53706871,43.29256011,165.140202114,1.53313359768
-124.73145886,43.28872019,419.264650201,1.04861632611
-124.49236137,43.29574326,126.012578067,1.51273422532
-124.76766282,43.26295646,486.780233543,0.944675732906
-124.85324808,43.25531183,681.698574655,0.709088195045
-124.88751678,43.25872877,767.883495566,0.634805854387
-124.5689601,43.25517749,188.114828944,1.5436015032
-124.79595359,43.24840261,539.531000007,0.857723897187
-124.75180917,43.21813542,449.163824856,1.01031263183
-124.79594265,43.2231427,544.251584456,0.857725592991
-124.96496094,43.19125307,1054.68178409,0.528667384266
-124.75622306,43.18940286,452.366444315,1.00860718621
-124.74437216,43.18838471,427.494019226,1.05385292625
-124.75886226,43.18233702,458.582590085,1.00162801177
-124.83715803,43.17481086,644.835191926,0.729356793248
-124.5823819,43.17739225,184.606848442,1.61095686591
-124.84898382,43.16349526,683.668148478,0.706529468207
-124.74463718,43.15708803,426.112096757,1.06706572666
-124.59471505,43.12567886,185.66902345,1.64018473035
-124.59001708,43.11583333,178.18842487,1.66135513521
-124.63905824,43.10746397,239.955229808,1.51894449073
-124.86837941,43.1062058,744.856531245,0.654362803831
-124.88713218,43.0987782,806.926752577,0.613352452947
-124.9038744,43.08710824,871.512632303,0.591867633272
-124.48677153,43.08329431,83.9749780634,1.65440842774
-124.52590272,43.08123254,112.660014077,1.7097400169
-124.5469925,43.07808917,128.94040166,1.72757592822
-124.49913805,43.08554393,93.0179573756,1.67668920884
-124.50104013,43.07736545,93.4468091772,1.67706620535
-124.54902697,43.07695402,130.365978479,1.72955552713
-124.83963405,43.05380216,652.348966406,0.726515948427
-124.93569167,43.05912917,992.442624424,0.543014032743
-124.72689484,43.05327032,374.911542906,1.18678515821
-124.99021398,43.0348006,1237.6967727,0.517187157476
-124.59244445,43.01503933,164.127234956,1.72230854139
-124.80049303,43.00042731,542.445554485,0.857096553494
-124.70005514,42.99211666,317.411878607,1.33192859054
-124.55882715,42.99357235,130.924038369,1.75502063221
-124.72743667,42.98604167,375.882037595,1.19494005154
-124.77833171,42.97902799,487.97780515,0.948332084889
-124.56020831,42.95293347,1e+15,2.3175306e+19
-124.66924993,42.95775405,262.154482006,1.49170837426
-124.76645636,42.9470207,461.686068167,0.994127364203
-125.01477667,42.922305,1430.01716955,0.517289373004
-124.7360964,42.92103797,392.475345153,1.12514942052
-124.89361426,42.89711259,891.644969259,0.577147442862
-124.79903416,42.89138697,564.229705605,0.826966457206
-124.83058,42.87685333,670.937283104,0.71797284323
-124.70748057,42.88125825,337.588028551,1.24492755797
-124.89052143,42.86438095,889.301850855,0.560393212571
-124.86755043,42.86458135,805.727778087,0.615328347193
-124.73138435,42.82367703,414.861464745,1.06052665106
-124.69594235,42.768699,369.307089639,1.15315044368
-124.71371554,42.76057005,409.383624009,1.04858240158
-124.7094332,42.75599575,402.622176305,1.06179193572
-124.84155089,42.75502961,773.127172261,0.62135461006
-124.84022295,42.72964103,793.385692709,0.610053384983
-124.63118189,42.71918133,283.75492202,1.39775074491
-124.67275095,42.71693746,355.478805441,1.18042071013
-124.59445611,42.69806759,237.472388887,1.54482930523
-124.83279333,42.69075167,801.257922058,0.594026500847
-124.86480378,42.66271058,945.222253266,0.544346590373
-124.90049646,42.66181711,1076.09765196,0.522528646903
-124.69472465,42.64947988,460.017882103,0.973521537169
-124.5299675,42.63406167,174.449854443,1.75532949253
-124.86761586,42.61455591,1014.80584515,0.527237746278
-124.67955576,42.61326053,447.349833783,0.987652176878
-124.68155754,42.59526562,456.960207834,0.958100878368
-124.639465,42.58325083,368.240150436,1.1706868723
-124.76780763,42.58761914,705.286258457,0.637389850656
-124.8395381,42.57391624,960.101233888,0.536298770843
-124.67245136,42.56162998,449.434020602,0.981515594836
-124.83381126,42.55649775,957.754988694,0.532465977106
-124.75650368,42.53455933,698.292576799,0.649473804357
-124.60103393,42.52438936,298.617609254,1.35671418562
-124.54289498,42.52250587,200.995557295,1.6707297903
-124.63711875,42.49149875,374.162632049,1.14307782658
-124.75234032,42.47997784,691.55887739,0.657989038592
-124.89688917,42.46968917,1261.39821091,0.507643687557
-124.80034467,42.43360667,847.801423991,0.563485411542
-124.795055,42.42695417,824.775654719,0.569119614496
-124.65080696,42.42651076,399.53313392,1.04203072121
-124.7471725,42.42230917,658.304478818,0.656404258832
-124.73912649,42.41031868,630.506264689,0.679973385817
-124.88876417,42.36705833,1160.41142804,0.503797035949
-124.79567857,42.37489533,798.544450844,0.554810973057
-124.64810795,42.35751992,397.987469643,1.05957079277
-124.73634292,42.3633725,609.801855948,0.697575448666
-124.58178536,42.350281,274.934904313,1.37131668012
-124.68007133,42.33379067,463.719449582,0.910328587992
-124.87025713,42.33495561,1045.52856308,0.497736812005
-124.66699259,42.32775926,435.452585419,0.964549418742
-124.63817525,42.31771499,385.216905142,1.08524999245
-124.5760027,42.28422831,288.85641586,1.33339383878
-124.88124816,42.25676349,1023.57537725,0.495163832092
-124.46010917,42.26483667,1e+15,2.3175306e+19
-124.56305695,42.21944214,293.718817167,1.29254045103
-124.88619711,42.22015339,1018.65747481,0.485376792265
-124.60571061,42.19915137,372.613104146,1.08385333499
-124.43069175,42.19806193,1e+15,2.3175306e+19
-124.56726833,42.1952675,307.105450459,1.24356114036
-124.95910167,42.19008833,1264.76251277,0.506652100866
-124.53815946,42.16765209,271.002375357,1.34672401943
-124.92379417,42.16976333,1121.21659279,0.495426930956
-124.9530025,42.15819583,1218.78624451,0.504526931325
-124.41750451,42.13272486,1e+15,2.3175306e+19
-124.649645,42.11778167,484.182420883,0.847781628339
-124.47355631,42.09894435,204.624303134,1.55045773554
-124.60560934,42.10064248,407.501540387,0.969831235259
-124.77784601,42.09003263,754.91919994,0.534938273041
-124.535165,42.09273833,292.753688648,1.27094809422
-124.60690526,42.06303421,422.497069751,0.945633367284
-124.94932167,42.0532,1161.37796044,0.496175738473
-124.70821748,42.05996565,618.509848509,0.668135986577
-124.50209279,42.06384275,254.449089658,1.38095930229
-124.53743944,42.04195031,313.376095587,1.17187947661
-124.47977681,42.04616988,229.643884393,1.45677797
-124.85207005,42.01810031,923.670114013,0.492101694032
-124.66662667,42.01817917,548.300764862,0.748475757345
-125.00078394,42.0199586,1350.63648827,0.521555979682
-124.69289977,42.00597086,603.349948116,0.677029429863
-124.85785715,42.00354924,937.389411004,0.490832948607
-124.55261041,41.987139,361.572089501,1.05325506846
-124.57822641,41.96974412,409.324190981,0.944573404042
-124.37169833,41.96541564,146.124126048,1.71757160615
-124.96810792,41.95366083,1237.97991773,0.503374387092
-124.57210948,41.95457272,406.202416384,0.941904248683
-124.74128917,41.94925667,714.27910913,0.577202462045
-124.59755152,41.92884594,462.194209153,0.851591028908
-124.52558284,41.92838942,350.367027625,1.06365459412
-124.9839411,41.90843253,1330.69181077,0.514141881287
-124.48624643,41.89889664,309.908424524,1.16316508216
-124.44705896,41.89328194,257.299370205,1.31009174071
-124.51403386,41.89029339,353.384855664,1.04434442041
-124.59632558,41.87631783,492.096554971,0.796983919676
-124.45258834,41.86645414,277.286617792,1.25051049869
-124.91064035,41.8554914,1103.67742892,0.485978494726
-125.06438801,41.84391168,1766.01884742,0.570326134536
-124.55300253,41.83534875,443.989017827,0.866853675826
-124.7195038,41.84057029,728.244413506,0.57269206216
-124.49371461,41.83070097,351.684941985,1.03575692717
-124.76794411,41.81862703,824.048034116,0.508930661671
-124.52069833,41.81578167,402.284871326,0.938598920379
-124.45617742,41.81525526,300.675350445,1.16088965432
-124.8237189,41.80582067,925.876476503,0.488164885459
-124.58547516,41.79722187,519.344540221,0.758264481424
-124.59210855,41.79968141,529.455874547,0.747812552607
-124.91125923,41.79953652,1133.59610391,0.487512339572
-124.60688207,41.7968399,556.825733306,0.719957504842
-124.99460911,41.7990589,1450.82325448,0.526775729395
-124.40595514,41.78440395,239.25018851,1.3431778325
-124.53600269,41.7721237,444.85997295,0.849811202125
-124.95117888,41.76138004,1291.15082734,0.50475178395
-124.51352708,41.76655882,410.460245529,0.914939369855
-124.54713342,41.75927935,470.568255626,0.821829001518
-124.55076356,41.76412615,474.642806002,0.815865332538
-124.57376164,41.75502717,519.440474206,0.76401535336
-124.47292833,41.7625275,346.695219857,1.04333315085
-124.65496116,41.76135906,659.955711212,0.622846935451
-124.47440752,41.75781147,350.90163929,1.03450585509
-124.91735219,41.7355246,1183.44399225,0.492361911404
-124.57668056,41.73055283,535.890963614,0.744588246912
-124.63723169,41.73885035,639.39717576,0.641226166643
-124.64369861,41.72878391,655.735808741,0.627694690268
-124.42597333,41.72391667,287.579875255,1.17156983529
-124.53041538,41.72323282,457.679317497,0.846813233579
-124.35513968,41.72226032,195.08777356,1.45725863334
-125.03422537,41.69691273,1724.25061028,0.563571970983
-124.38177875,41.67105542,245.171112095,1.26710829941
-124.31816542,41.67086866,171.555559359,1.50908265496
-124.58003457,41.66486804,571.820626416,0.716576963922
-124.71643554,41.66153342,809.326246786,0.522495651991
-124.32241944,41.64269008,183.26369105,1.45551440055
-125.03057837,41.64314847,1762.0776262,0.570316199025
-124.50739951,41.62848453,458.438313687,0.868146140588
-124.48874781,41.62030259,430.268431399,0.911681594484
-124.66111521,41.62731288,737.93299642,0.566826998463
-124.7630175,41.60744417,917.846321665,0.490064486731
-124.37775459,41.59048191,268.12339871,1.20346361976
-124.44234965,41.60089637,362.264936057,1.0175287961
-124.54853203,41.56943402,567.909739154,0.731785817973
-124.55148351,41.57541978,569.614442397,0.729977975707
-124.62443501,41.56348704,716.717936776,0.586251314892
-124.91581637,41.56876718,1353.79321372,0.520114218452
-124.60625923,41.56930405,677.833066342,0.618308728917
-124.65891879,41.53699892,801.46871336,0.524626519357
-124.62274276,41.52309799,747.054045158,0.561933282442
-124.71200253,41.5314601,893.792849373,0.491120385461
-124.43081893,41.50898047,382.608979891,0.973108337514
-124.45937344,41.50789145,437.175653313,0.897526619011
-124.75621399,41.50866118,989.129657364,0.480825876604
-124.79147876,41.50223971,1059.2761066,0.485377782
-124.62311104,41.49459336,772.349746594,0.545494375257
-124.48909861,41.48832407,505.44512878,0.803071879749
-124.59346935,41.46043656,741.315650369,0.569673317899
-124.35722904,41.43859622,293.213424742,1.13815823116
-124.28095178,41.43241385,189.699385967,1.40328470868
-124.930165,41.44005083,1616.03898072,0.556324565797
-124.39589378,41.42851259,361.237932385,1.00493147275
-124.70028083,41.425635,968.775867062,0.482693315397
-124.92689553,41.40534883,1646.20976203,0.561334395861
-124.77785,41.40649091,1129.51431967,0.493898178567
-124.1941529,41.36636638,121.959975133,1.62923683705
-124.825877,41.37028873,1290.54633221,0.514866965815
-124.84210395,41.36908772,1349.70750824,0.522814341606
-124.4264625,41.353145,454.804506315,0.859289010028
-124.8675206,41.36052332,1454.06248902,0.536778248201
-124.57542083,41.34684333,793.001247936,0.545443280801
-124.86500317,41.35128582,1455.50107313,0.536992943491
-124.8335525,41.338965,1358.98949451,0.52403294696
-124.56205036,41.33670634,768.205949769,0.561590027616
-124.87178886,41.30134789,1544.7057916,0.548556051801
-124.47186983,41.3026248,575.561615579,0.721348300637
-124.47593272,41.30167901,585.60813068,0.711941568226
-124.7239841,41.30503046,1117.02522485,0.489330313915
-124.59712708,41.29065792,876.261083237,0.507957326936
-124.38438721,41.27628109,404.037844158,0.944344434495
-124.30704086,41.27288495,270.724666525,1.1797002866
-124.20593778,41.26498135,141.435271275,1.50471796802
-124.84550652,41.23357331,1520.02245759,0.54502839604
-124.55271025,41.23905227,793.538401527,0.540784987075
-124.42122473,41.21527392,489.530199103,0.81896976261
-124.270405,41.20488292,217.814416891,1.28995844082
-124.42119854,41.20849217,490.274600637,0.817570117093
-124.30672193,41.19447944,271.781853166,1.16828818707
-124.53657392,41.19816446,758.59063181,0.560710284119
-124.78533417,41.17187417,1353.00385504,0.522176924602
-124.52298044,41.13042721,706.571342757,0.589531885147
-124.56842141,41.09483121,789.433170184,0.543255443854
-124.57602983,41.09979808,811.310068273,0.533024654896
-124.4570378,41.1029476,537.257727804,0.764659493372
-124.43020973,41.09431214,474.84462564,0.855766522395
-124.65908429,41.10369877,1018.85002988,0.486888652739
-124.24647662,41.08908388,168.977576954,1.41987206212
-124.28101841,41.09593328,216.421015713,1.33602111168
-124.36420163,41.07668537,340.839191527,1.10206726832
-124.27195515,41.06697751,196.259334437,1.38099317517
-124.81492663,41.07847239,1555.65495296,0.549270952662
-124.39051939,41.00372108,350.813780646,1.11536969387
-124.61311103,41.00465573,844.755208947,0.527876281022
-124.5557733,40.99674404,690.497935122,0.621251178999
-124.37733169,40.9896849,324.646481798,1.16898040953
-124.24300714,40.96966965,138.1692053,1.42857605031
-124.50033424,40.95843811,538.329546219,0.791682809087
-124.30802441,40.95848429,209.731215099,1.36706578299
-124.34488083,40.94472833,257.634993265,1.30228931697
-124.45742451,40.94284216,448.800657055,0.955024611674
-124.36514798,40.93981877,285.011582081,1.26402064049
-124.73348641,40.94924723,1308.97991627,0.514350862229
-124.432475,40.93906,400.646333922,1.04775133027
-124.59302045,40.93574331,780.899731876,0.565308404394
-124.30982266,40.93058472,204.511752776,1.36396309555
-124.28170914,40.93955806,171.303098832,1.39651463835
-124.27847705,40.90769771,155.917541958,1.40442130078
-124.56092583,40.9150225,683.437681333,0.623549363331
-124.52871748,40.90902114,603.416262528,0.72212599861
-124.49097111,40.88857222,510.618205636,0.855567325763
-124.28449567,40.86621937,153.434397891,1.38353221286
-124.45884474,40.87211184,435.96127772,0.994430241395
-124.56095804,40.87252597,694.668750871,0.633726305955
-124.53446167,40.86106333,616.219157955,0.702769789268
-124.661219,40.87061533,1046.22312125,0.506022381252
-124.69921389,40.84141111,1218.35183347,0.5031772687
-124.52350876,40.84189905,586.169421689,0.745161291054
-124.72819917,40.82791917,1373.39630416,0.525804060906
-124.2869535,40.82727854,1e+15,2.3175306e+19
-124.66989717,40.80100855,1102.95176575,0.497016652754
-124.31591296,40.80382685,170.584614083,1.36196526807
-124.46395333,40.79651958,427.510074936,1.00317824481
-124.50523042,40.77269583,528.553339341,0.831802081728
-124.5693281,40.77409967,719.045371617,0.605519708251
-124.56799841,40.77514524,714.313337935,0.607387759822
-124.46834267,40.7449409,426.014283322,1.01556822691
-124.52737597,40.72738713,574.918440573,0.738853706982
-124.43992625,40.686445,336.158157949,1.21559583668
-124.6137007,40.68539079,866.432835045,0.537847394063
-124.5299575,40.68370833,572.339811406,0.771280494772
-124.5401475,40.65079292,586.980300251,0.728913645886
-124.51819773,40.63574284,516.178136079,0.850119668578
-124.46160759,40.60362627,348.193182062,1.19517017043
-124.64020091,40.57611386,950.285242318,0.522653624147
-124.47059011,40.55096503,342.726866034,1.1911493511
-124.60046435,40.55164315,775.905569245,0.576216037541
-124.54527583,40.54698792,573.770345767,0.772312830403
-124.47381557,40.55028582,349.558845714,1.17300029944
-124.67575832,40.52354346,1096.1940668,0.499971745076
-124.52692788,40.51762598,503.013743019,0.863680795551
-124.51978076,40.51099901,479.235598577,0.904707783119
-124.56364605,40.45585593,616.220504484,0.731336984292
-124.63407446,40.4522642,884.819175184,0.54104848352
-124.969055,40.3460325,1569.0567553,0.586507147172
-124.45277557,40.34935554,292.442923375,1.32546743373
-124.52667683,40.33641418,470.23980258,0.953127749456
-125.05555034,40.26632704,1289.10436805,0.538088625753
-124.81052796,40.27455161,1068.74520611,0.501704104388
-124.76004854,40.25367674,938.614297701,0.501509528214
-124.97697344,40.26287179,1186.1595557,0.507997893836
-124.60896959,40.25340707,639.425085779,0.694474230962
-124.8439525,40.25346917,1030.63550582,0.487361835436
-124.90342118,40.23529451,1025.67864152,0.47675749439
-124.8345351,40.24166288,978.529349564,0.478570045382
-124.7255129,40.21559328,811.460579765,0.516298570665
-124.91690849,40.21852891,1017.68972419,0.476993153449
-124.91231542,40.20418917,991.006410782,0.473968445568
-124.5250422,40.20154466,483.860146977,0.921269660618
-124.43137533,40.19049485,332.630969977,1.25038574574
-124.78138477,40.18427885,844.074798924,0.484382637933
-124.32360477,40.16917495,1e+15,2.3175306e+19
-124.961075,40.16646667,1084.06744131,0.490658595271
-124.74718116,40.17236422,823.810870422,0.498537102201
-125.03420961,40.15904933,1222.43958592,0.529052919135
-124.33578584,40.16066388,278.314476609,1.40500110219
-124.96067773,40.15181208,1109.87344975,0.498414517271
-124.55698032,40.1561557,592.562885085,0.719657310939
-124.74677108,40.15721225,832.588540319,0.494482473404
-124.51660083,40.14879333,543.905079169,0.81379822553
-125.0701925,40.13537083,1316.48335054,0.562134704523
-124.46204514,40.12598423,527.36577568,0.839162174702
-124.3851879,40.11927151,442.578180654,1.02278303693
-124.38753788,40.12026061,442.680153482,1.02205745129
-124.65228875,40.11123833,791.872464505,0.527824346272
-124.32639968,40.1149462,379.662243812,1.15920925288
-124.28494819,40.10924891,342.050188818,1.25961346584
-124.66772628,40.10622502,820.084400394,0.515250661247
-124.40205142,40.09221038,548.067044193,0.816362002828
-124.28135273,40.08515278,406.453882222,1.10870981867
-124.47451577,40.07590669,689.487778124,0.631221348139
-124.36468306,40.08159301,529.88007655,0.855286694959
-124.25570419,40.05602697,456.509078855,0.995287838213
-124.69712433,40.06233264,951.895334928,0.47999090621
-124.46664461,40.04780144,774.776251616,0.555486212079
-124.57817,40.04567833,882.392150825,0.493751808045
-124.40143056,40.01267559,829.355913103,0.537132722659
-124.67463365,39.97992718,1127.36624661,0.501384469498
-124.2548835,39.98454739,678.689910543,0.644203452992
-124.49375417,39.98594917,1027.97870572,0.489818314541
-124.80544643,39.98303928,1286.91597763,0.548461367539
-124.18814881,39.96267926,584.532249094,0.773375082058
-124.16782583,39.95317,559.635109338,0.802752801565
-124.6445425,39.951055,1177.89592759,0.512829995868
-124.63660208,39.94150792,1201.83809097,0.52055980057
-124.67705939,39.91615833,1268.50799671,0.547389362868
-124.1235793,39.92078656,514.713743485,0.833598633927
-124.10761467,39.88509851,548.744507766,0.771941674026
-123.97587715,39.87540296,1e+15,2.3175306e+19
-123.96914639,39.84401258,297.819481514,1.26349131356
-123.8789197,39.76569682,1e+15,2.3175306e+19
-124.09182223,39.7731386,706.482040987,0.562942903597
-123.91335138,39.74738042,281.304463672,1.34785685834
-124.03450418,39.7498841,564.175536345,0.717421517281
-124.06052576,39.75183717,638.851866521,0.626016833746
-124.05820758,39.74506667,639.62391366,0.621824377648
-123.96659922,39.73139756,394.968365772,0.979261732574
-123.95344167,39.71662262,376.02883028,1.03766214692
-123.88069463,39.70925795,246.178601081,1.48052140493
-124.10012743,39.71534895,811.042144105,0.525661197935
-123.91603447,39.70301828,312.113960511,1.24997820112
-123.90218189,39.67941438,293.550046906,1.30978336774
-124.07490938,39.67850787,763.129571143,0.539907901213
-124.03443472,39.64646159,657.273936898,0.601373683447
-124.09303501,39.63889418,848.746776532,0.484300470889
-124.02505594,39.60021829,638.359848185,0.618844381089
-123.85920215,39.5713896,223.462810027,1.54725605569
-123.93080631,39.55643986,371.150532112,1.07728524512
-123.82754426,39.54267999,1e+15,2.3175306e+19
-123.8235761,39.53336134,1e+15,2.3175306e+19
-124.00484899,39.53555456,568.726382348,0.67038072011
-123.85405134,39.511277,213.898971815,1.58825354299
-123.86128424,39.45056096,216.507036366,1.56659695978
-124.02749,39.46170667,615.287391273,0.630385463692
-123.98673418,39.45722459,500.422525897,0.78982128329
-124.17051566,39.45029362,1070.59889442,0.486259686835
-124.01098208,39.41802973,561.725211282,0.671703683696
-124.01979887,39.4178729,584.686667867,0.629817770702
-123.97494621,39.41091916,467.930261665,0.856294674243
-123.94734601,39.3847827,399.511014967,1.00640613966
-124.24322867,39.37945493,1315.8017667,0.547777840837
-123.93044189,39.34954782,375.048401413,1.067335419
-123.96229487,39.3363141,454.138002541,0.839669826074
-123.97677667,39.32633083,501.494676115,0.779583021615
-124.01310165,39.32108774,606.814355298,0.640573013417
-123.86623411,39.30709083,262.555369404,1.43222529284
-124.08190208,39.27907167,858.54987721,0.503285170264
-123.94759145,39.28249928,454.302539089,0.876950090425
-123.94633202,39.2087872,510.850007694,0.760541113234
-124.04912378,39.20225824,855.404008239,0.488289260037
-123.9832165,39.18870367,647.712132562,0.609235575277
-123.85669695,39.18151057,303.445904734,1.27031840942
-123.80492415,39.1486394,1e+15,2.3175306e+19
-124.20421956,39.12779397,1696.90615853,0.637304278842
-123.77264892,39.11554807,1e+15,2.3175306e+19
-124.01710351,39.10895526,874.110202673,0.513267162336
-123.85420606,39.08588409,366.257198428,1.05647791022
-123.98622007,39.07733285,797.904823086,0.537461800581
-123.75523327,39.05567333,1e+15,2.3175306e+19
-123.83942167,39.04174167,368.912111694,1.00387406663
-124.19119667,39.03580417,1885.6644596,0.662035635473
-123.83260516,39.0340996,362.188750942,1.02080958864
-123.95020928,39.01824987,757.251327239,0.576346135121
-123.8092345,39.0042326,1e+15,2.3175306e+19
-123.92624052,38.97984358,735.606161668,0.589187648487
-123.95494223,38.97918416,851.631143675,0.548458930389
-124.02374856,38.97314382,1174.84034208,0.532642874537
-124.06173167,38.96034042,1390.34018452,0.558795049686
-123.84308693,38.95606274,494.954199,0.787834369442
-124.05325583,38.95527884,1362.96630167,0.554909893077
-123.94241507,38.95042309,860.030061598,0.546069370444
-123.81010052,38.94547532,422.391000189,0.896191303491
-124.03394917,38.93898667,1312.87368168,0.548229550904
-123.7769172,38.90892634,398.926302574,0.943877209047
-123.86968433,38.88837075,720.626343101,0.613107038919
-123.8304181,38.82475983,737.681226636,0.601160300742
-123.78695281,38.80576585,622.994575092,0.654787561641
-123.78622773,38.79200731,657.893444384,0.634277316037
-123.81709096,38.78325714,798.270247837,0.562770995932
-123.74964167,38.77714708,561.781953187,0.675604505424
-123.78438106,38.77733087,690.608999487,0.61558048427
-123.62144982,38.72235499,362.436072095,1.01702840371
-123.871275,38.72505739,1206.89372317,0.550725698008
-123.85375081,38.70734654,1180.3671987,0.550793826002
-123.58820207,38.70221315,330.238159665,1.07711863407
-123.591405,38.69874583,338.970306453,1.04850124035
-123.61946122,38.68447652,429.356260055,0.881195725767
-123.713674,38.68420219,696.768415492,0.592483271056
-123.76949745,38.67539503,922.085901461,0.524268889457
-123.62164917,38.6767225,449.604707847,0.8446131931
-123.70294616,38.65317826,742.848704458,0.573350215505
-123.73671167,38.64180583,892.258236226,0.524357940621
-123.52730044,38.64079495,295.337626083,1.14338217841
-123.53286916,38.61871983,321.422861991,1.0413900436
-123.49294667,38.59886083,275.077111869,1.17808490557
-123.68620249,38.58991767,820.797822411,0.530872135493
-123.6824185,38.58432278,817.54728315,0.529577603177
-123.67833529,38.57603235,818.194926498,0.525908383015
-123.58641993,38.57053174,513.466128516,0.681800497451
-123.67950464,38.55181583,864.208750441,0.507360592798
-123.47093873,38.54808088,283.050971475,1.1145995863
-123.42532626,38.53615129,229.355442783,1.31556066162
-123.52107279,38.50824621,436.651504874,0.79391773122
-123.33335646,38.50883434,1e+15,2.3175306e+19
-123.42383122,38.50584852,254.628236408,1.20393563686
-123.49409759,38.48286698,412.456065684,0.826533579676
-123.55181353,38.48233449,555.11367257,0.64952120085
-123.37413441,38.44149658,248.839517123,1.20625807103
-123.60289333,38.43704708,812.512798938,0.526059131305
-123.61324604,38.4346464,859.517281514,0.52951587767
-123.20786961,38.4242506,1e+15,2.3175306e+19
-123.2435384,38.42728753,125.31032749,1.71256465528
-123.46763277,38.41680698,453.524726122,0.74543712229
-123.62027219,38.41356026,946.345676517,0.534965256349
-123.5138394,38.39772,616.522624743,0.609792564213
-123.28298734,38.38100223,181.190062139,1.48595191864
-123.58679417,38.37617667,919.694573488,0.530822439199
-123.58024652,38.38250973,875.5696238,0.527553742144
-123.36456613,38.37728509,292.562884096,1.00062006579
-123.36594631,38.36870924,303.463562975,0.966909061078
-123.15330903,38.34089315,1e+15,2.3175306e+19
-123.53355034,38.34511501,790.107591537,0.518069753188
-123.17376021,38.33894932,106.202714601,1.79585213144
-123.24038128,38.33572904,160.215442308,1.58389429279
-123.58993973,38.31523142,1102.25970144,0.543172605964
-123.52803,38.31641583,838.04700514,0.523235638347
-123.42795373,38.30307796,529.844272531,0.659538107903
-123.31768692,38.27858816,299.417950816,1.00092035341
-123.20739559,38.26392304,151.957599525,1.62402060899
-123.46996875,38.25674083,727.068701572,0.526582451733
-123.43699227,38.25133241,629.799804688,0.582032382835
-123.5225784,38.24778811,964.574760559,0.529229518817
-123.31201703,38.24822851,309.114858363,0.988054120779
-123.34806396,38.24485229,384.327523593,0.815661189843
-123.15178056,38.23910726,111.712826362,1.808329112
-123.22549281,38.20304986,191.095514806,1.40341320487
-123.40605417,38.20382292,579.679655517,0.596636648694
-123.44896646,38.19580794,740.647798275,0.533150470035
-123.27932167,38.19619356,275.713793083,1.08887186191
-123.2237061,38.17890167,194.000513602,1.37611858073
-123.32179595,38.17568698,362.884681137,0.833042488492
-123.30782281,38.17745027,334.476657115,0.907371708577
-123.40277015,38.17248422,592.873596861,0.566054500009
-123.48968766,38.17041741,941.924352237,0.518169442471
-123.24283616,38.1588396,231.677316732,1.23730939619
-123.48754337,38.1499994,959.356233465,0.513855659134
-123.16326,38.14689625,142.125969087,1.64359340366
-123.19023074,38.13903788,168.243165782,1.49306171799
-123.35427157,38.1430598,474.172305751,0.685224177765
-123.5064481,38.13923061,1076.21692649,0.532632832216
-123.25404542,38.13432167,260.129272744,1.13374324309
-123.16621167,38.113015,155.30851839,1.54365348548
-123.03608573,38.10807505,1e+15,2.3175306e+19
-123.09377333,38.07779583,112.730067784,1.71594583794
-123.22051611,38.06547332,245.869819395,1.14907250094
-123.33617852,38.05394651,504.957129542,0.641269968157
-123.13521659,38.04714818,155.493384102,1.45797790938
-123.2563675,38.03475083,335.584282845,0.917597977606
-123.19336871,38.00610491,252.6151749,1.06924540864
-123.22252625,38.00764422,301.9006797,0.966943176083
-123.18680597,37.9788989,272.240758732,0.996818831257
-123.18731967,37.97187457,284.592369641,0.969271651714
-123.22133583,37.94631083,388.7461692,0.790965208515
-123.26052792,37.94340917,476.551340387,0.680114392381
-122.94070175,37.93027633,107.818185196,1.55739991135
-123.37977333,37.94053833,893.258356187,0.523626694346
-123.07111838,37.89700905,245.007421687,0.953467036517
-123.2203375,37.88171667,534.794390357,0.638492984835
-123.16668822,37.87448536,439.482122335,0.701669313057
-123.0690378,37.86287462,295.793233545,0.827534180414
-123.27111698,37.84987786,783.971958004,0.515691677705
-122.88956978,37.84417031,133.687827241,1.31867272754
-123.03241246,37.84053168,283.995594544,0.813501927751
-123.27557994,37.82212016,918.529296448,0.514929299011
-123.33031142,37.82027997,1132.47335844,0.538845900254
-122.9570307,37.82057368,213.626994824,0.949764968073
-122.98501465,37.82269821,239.220683583,0.858556463333
-123.017665,37.8080625,312.520255657,0.76119099535
-122.97865286,37.79658492,269.072479358,0.804118968738
-123.22601253,37.77821461,921.571497065,0.501546031296
-122.85326039,37.77085777,147.98259122,1.21339260658
-122.84433333,37.7667719,143.372225709,1.25129352219
-123.16808417,37.74256375,852.55291162,0.512785408681
-123.14196091,37.73437534,790.569485145,0.515533323281
-122.97549162,37.74155935,337.904527898,0.701077997611
-122.91950422,37.72532352,255.426243373,0.780160323502
-123.1232134,37.71683333,773.292470806,0.510351798429
-122.83042667,37.633754,196.884337439,0.933471336225
-122.80450337,37.64110051,166.640392211,1.08719034585
-122.80364833,37.53811333,215.889325491,0.797015927091
-123.01742212,37.53712258,634.623444293,0.481092849738
-122.98101717,37.51104143,548.022742087,0.505764403805
-122.65406444,37.50214275,103.363554637,1.26244050517
-122.63218706,37.51098467,89.6183723333,1.47263885091
-122.68067044,37.47128923,131.770391456,1.02520800476
-122.74349085,37.46619967,188.813005422,0.737575109325
-122.8910725,37.45799083,402.605445203,0.592397097017
-122.79799806,37.42836494,272.347774715,0.658567788277
-123.17533308,37.41131927,1234.6430798,0.522843536552
-122.9661014,37.4127022,597.991489068,0.51807063577
-122.80299583,37.404325,294.414770231,0.654591999808
-122.74287917,37.40154,216.581863735,0.757412655171
-122.57899125,37.39977292,82.9098781536,1.42714544541
-122.71704583,37.33097333,218.468847863,0.933519714211
-123.06730417,37.27152917,1095.31614813,0.478839634637
-122.58700672,37.26232742,162.259530377,1.12043512801
-122.8406625,37.25975667,488.566698743,0.595112049469
-122.7547125,37.2445525,359.947332761,0.787339852532
-122.78926389,37.10840148,826.344380889,0.478992332079
-122.53166481,37.08641296,452.337824584,0.73216073965
-122.44608409,37.08084167,351.673532806,0.929851307923
-122.38005958,37.02443542,435.521123328,0.81763844569
-122.57370833,36.94007083,1201.17771139,0.510207984119
-122.1066475,36.90365917,362.190588448,0.976540031288
-121.90312958,36.74286,272.652424671,1.01229069447
-121.99825054,36.68538441,538.994730445,0.675198616991
-122.06479292,36.34567958,607.930591547,0.572047002716
-121.89620458,36.07788792,876.677950756,0.399367865607
